camera_matrix:
  fx: 1477.737
  fy: 1479.373
  cx: 537.725
  cy: 546.839
distortion_coefficients:
  k1: 2.83357340e-01
  k2: -1.17344760e+00
  p1: 1.01410870e-04
  p2: 7.16957221e-04
  k3: -2.35075581e+00
image_width: 1080
image_height: 1080